2.320884
2.051492
1.888218
1.804866
1.583540
1.583486
1.564876
1.498411
1.738078
1.498038
1.643357
1.408033
1.463192
1.460516
1.404792
1.316448
1.331160
1.204967
1.392162
1.334468
1.214862
1.202931
1.280031
1.190866
1.322929
1.359264
1.118071
1.218391
1.251428
1.276078
1.125407
1.020800
1.223478
1.029280
1.001902
0.956433
1.060984
1.184518
1.118614
1.110290
1.247741
1.057209
1.192075
1.033234
0.838172
0.916855
1.062443
1.065900
1.057104
0.787515
0.911985
1.008327
1.001513
1.175533
0.925214
0.862829
0.863915
1.115067
0.863835
0.941907
1.043533
0.785150
0.823409
0.954704
0.893540
0.843022
0.713963
0.694241
0.825847
0.835880
0.811615
0.779242
0.774770
0.803517
0.745523
0.830998
0.701648
1.064726
0.880698
0.824718
0.890722
0.761626
0.798358
0.787656
0.969175
1.009691
0.710979
0.646714
0.809142
0.668764
0.755257
0.633677
0.814617
0.816956
0.640404
0.674282
0.726485
0.662242
0.874525
0.788826
0.630162
0.771790
0.844901
0.647154
0.627029
0.892977
0.642967
0.732569
0.462661
0.637816
0.664955
0.600491
0.914451
0.870666
0.491821
0.733874
0.710204
0.607699
0.627371
0.671016
0.784492
0.514748
0.694285
0.665156
0.574851
0.493340
0.686030
0.777727
0.793512
0.540263
0.649018
0.539118
0.592613
0.655684
0.527403
0.598589
0.437676
0.580020
0.687750
0.421206
0.448355
0.530926
0.658247
0.687053
0.398141
0.621796
0.587665
0.813603
0.612011
0.366856
0.403568
0.433845
0.573757
0.485988
0.537990
0.600653
0.448405
0.553159
0.501929
0.563205
0.705135
0.435360
0.497271
0.481666
0.456012
0.547365
0.559818
0.695996
0.635438
0.567061
0.513474
0.673465
0.573389
0.556257
0.563438
0.465502
0.459492
0.379838
0.411039
0.384628
0.475237
0.448981
0.404782
0.432658
0.393627
0.424701
0.300466
0.423714
0.445195
0.409686
0.350376
0.326685
0.454527
0.383298
0.567585
0.395643
0.370549
0.483784
0.421560
0.303911
0.504467
0.449698
0.437756
0.425264
0.417966
0.393236
0.435090
0.388444
0.364120
0.368297
0.450564
0.415977
0.438875
0.323333
0.361849
0.404188
0.409026
0.475819
0.274336
0.262278
0.252506
0.216631
0.329151
0.397980
0.224259
0.221068
0.363211
0.298203
0.310549
0.325663
0.319294
0.330922
0.316549
0.380608
0.347254
0.421024
0.351190
0.415955
0.335625
0.471463
0.222147
0.347902
0.349975
0.361205
0.328258
0.321150
0.416850
0.241716
0.483701
0.273990
0.375446
0.482211
0.463950
0.415445
0.335150
0.301668
0.458418
0.346345
0.346373
0.417278
0.372118
