2.320884
1.794170
1.628132
1.447680
1.382931
1.375536
1.350335
1.287976
1.448523
1.309339
1.480244
1.150822
1.352923
1.193579
1.213660
1.167235
1.146936
0.983154
1.136414
1.163715
1.032888
1.015800
1.093837
1.066944
1.209509
1.185137
0.952348
1.065799
1.085584
1.159214
1.044838
0.964322
1.121068
0.845089
0.895781
0.889687
0.823948
1.019260
0.985269
0.897811
1.035596
0.907726
1.028256
0.796853
0.651580
0.856977
0.855802
0.910356
0.743843
0.608986
0.707940
0.753034
0.858592
0.996976
0.695101
0.749131
0.725443
0.872133
0.754341
0.843898
0.858589
0.632842
0.594477
0.809882
0.784832
0.725919
0.617423
0.611658
0.740571
0.778461
0.742441
0.712729
0.679259
0.727769
0.606976
0.569601
0.537936
0.987168
0.726482
0.767759
0.793230
0.644025
0.655527
0.625857
0.837112
0.815607
0.543783
0.549947
0.664069
0.583780
0.546625
0.536922
0.601408
0.611730
0.443574
0.498499
0.575935
0.561276
0.642869
0.653862
0.501057
0.593905
0.661299
0.474525
0.449599
0.554134
0.443702
0.634735
0.352444
0.572785
0.567382
0.520639
0.660041
0.636195
0.426668
0.515172
0.504925
0.520877
0.477151
0.548813
0.665034
0.396092
0.562885
0.514957
0.428407
0.451499
0.555343
0.647741
0.651093
0.418427
0.545664
0.444738
0.349874
0.447384
0.380973
0.421526
0.329305
0.446679
0.540916
0.336630
0.305023
0.303898
0.434871
0.390752
0.234081
0.396685
0.348709
0.505313
0.362328
0.271551
0.287776
0.338751
0.482268
0.323985
0.444412
0.425374
0.381647
0.388102
0.292311
0.343784
0.382263
0.295125
0.404113
0.370380
0.332571
0.358127
0.394693
0.482767
0.466031
0.537368
0.317089
0.450523
0.514242
0.390058
0.279712
0.223832
0.201775
0.186721
0.237900
0.263140
0.211511
0.202707
0.165383
0.182478
0.201980
0.239685
0.158157
0.243975
0.201823
0.151912
0.176587
0.132226
0.317028
0.155975
0.246247
0.149780
0.268926
0.324707
0.387746
0.188478
0.328011
0.330061
0.175436
0.197554
0.212016
0.265717
0.382531
0.178887
0.283952
0.176427
0.331639
0.285540
0.200137
0.188346
0.259363
0.249888
0.322299
0.223811
0.207842
0.138317
0.173043
0.108861
0.115568
0.186369
0.077404
0.086930
0.165764
0.136369
0.129057
0.136497
0.154731
0.159904
0.121311
0.148954
0.159786
0.115881
0.094392
0.148346
0.127672
0.213675
0.107509
0.192969
0.184361
0.207350
0.186824
0.133106
0.126861
0.118208
0.254236
0.110282
0.205911
0.209489
0.229607
0.199157
0.180063
0.160312
0.236518
0.179979
0.206497
0.230578
0.181338
