2.302593
2.302422
2.302957
2.295275
2.306072
2.302719
2.504927
2.212463
2.211968
2.057520
2.255871
2.114000
2.172496
2.125454
2.034863
1.998542
2.120886
1.890200
1.889140
1.898898
1.870231
1.931716
1.956115
1.873416
1.993156
1.834999
1.894004
1.840151
1.948341
1.926561
1.857269
1.804561
1.932880
1.804040
1.828774
1.852220
1.886532
1.835281
1.868962
1.933385
1.877731
1.926889
1.840262
1.711105
1.719738
1.714156
1.774297
1.717412
1.838370
1.655937
1.720203
2.004083
1.629299
1.791139
1.613459
1.614230
1.550101
1.637967
1.669476
1.676746
1.702094
1.686209
1.529686
1.614282
1.608127
1.550462
1.445112
1.733010
1.488746
1.476127
1.439001
1.473505
1.499500
1.410464
1.459318
1.446036
1.514044
1.661863
1.526876
1.436801
1.584817
1.324783
1.477532
1.382413
1.641641
1.489444
1.300044
1.489447
1.467273
1.403747
1.279616
1.318041
1.404686
1.416905
1.424968
1.271359
1.365550
1.233173
1.432546
1.389187
1.270463
1.355549
1.459525
1.238754
1.270587
1.389732
1.418049
1.426206
1.280832
1.352266
1.399451
1.290329
1.439012
1.408708
1.114812
1.248338
1.273771
1.184088
1.274261
1.234144
1.283508
1.234993
1.305586
1.110794
1.109086
1.223473
1.183180
1.247654
1.225884
1.209226
1.115901
1.213108
1.187412
1.350307
1.202348
1.263929
1.054006
1.258875
1.225908
1.087036
1.195183
1.169198
1.291869
1.197073
1.002855
1.262225
1.243543
1.344048
1.091628
1.097329
1.014548
1.190641
1.122408
1.099296
1.116319
1.000385
1.036963
1.223090
1.100170
0.974221
1.277387
1.008200
1.061025
0.960552
1.024753
1.178340
1.045165
1.179753
1.096557
1.102767
1.007542
1.316015
1.069143
1.093466
1.034378
0.902256
1.196228
1.164197
0.994567
1.096833
1.074875
1.204993
1.015482
1.099893
0.881260
1.030838
0.718604
0.885597
0.866845
0.913910
1.002935
0.787756
1.059923
0.990421
0.974143
0.935453
1.086859
1.009668
1.001816
0.967581
0.971933
1.006814
1.002823
0.913237
1.089869
0.825514
1.084923
1.018148
0.797149
0.877886
1.020310
0.965685
1.120357
0.926724
0.772770
0.975721
0.974698
0.944650
0.855627
0.680564
0.839655
1.009222
0.882896
0.959628
0.850868
0.987478
0.842084
0.879720
0.828545
0.846491
0.846288
0.862229
0.903410
0.801693
0.809759
0.927915
0.815151
0.931132
0.805257
0.989165
0.849302
0.922989
0.946892
0.924290
0.906823
0.772113
0.739890
0.667663
0.870636
0.664483
0.905859
0.751738
0.811615
0.980714
0.790141
0.932324
0.827511
0.884806
0.758364
0.958410
0.846925
