2.302593
2.279328
2.258473
2.198400
2.141979
2.097588
2.126750
2.066373
2.025063
1.943571
2.013618
1.964199
1.919842
1.931187
1.882551
1.794500
1.890311
1.777353
1.814563
1.833907
1.781385
1.795703
1.869835
1.742933
1.826337
1.741445
1.820623
1.684695
1.827801
1.699820
1.602265
1.608245
1.737960
1.634380
1.656496
1.704102
1.772114
1.655760
1.749991
1.782078
1.674756
1.621544
1.660715
1.543814
1.536565
1.562369
1.695427
1.598962
1.691202
1.395059
1.461054
1.506392
1.449732
1.565556
1.421021
1.503057
1.365845
1.573221
1.486536
1.418506
1.423706
1.441836
1.297987
1.571246
1.423940
1.279837
1.307789
1.441989
1.338554
1.340008
1.258291
1.375364
1.277446
1.295654
1.229098
1.344388
1.115858
1.426938
1.244474
1.274643
1.232443
1.115390
1.334556
1.143530
1.309533
1.196331
1.092696
1.205953
1.231981
1.190291
1.086679
1.027848
1.225554
1.188522
1.099315
1.026040
1.056217
1.079395
1.194723
1.218334
1.034497
1.165296
1.197063
1.038837
1.047833
1.175437
1.090295
1.202208
0.970568
1.104352
1.007795
0.976488
1.233598
1.142094
0.987184
1.110244
1.000122
0.879304
1.074183
1.018317
1.072196
0.928738
0.973610
0.807495
0.941427
0.921176
0.846471
1.103751
1.015472
0.900450
0.897538
0.930260
0.882166
0.935601
0.987101
0.880385
0.745864
0.944893
0.937634
0.800699
0.745087
0.886790
0.847689
0.929427
0.682540
0.824521
0.713367
0.910742
0.841111
0.724671
0.691331
0.703424
0.785725
0.783234
0.726232
0.660700
0.840335
0.836953
0.780768
0.723655
0.983510
0.695767
0.614751
0.708597
0.684595
0.835166
0.613787
0.837937
0.928947
0.843942
0.699929
0.904752
0.840101
0.790617
0.759735
0.630791
0.668984
0.557115
0.574353
0.626741
0.674720
0.692000
0.637591
0.571571
0.613902
0.640527
0.525786
0.675576
0.615719
0.589894
0.589908
0.529355
0.661834
0.563351
0.664818
0.563800
0.600644
0.703514
0.739337
0.571439
0.631351
0.668116
0.651903
0.553096
0.624711
0.521572
0.640713
0.624262
0.442011
0.489545
0.620870
0.601388
0.798401
0.499238
0.490459
0.610195
0.694443
0.635107
0.488657
0.429353
0.421928
0.470790
0.538050
0.571033
0.360983
0.453101
0.544952
0.483670
0.350673
0.469563
0.409336
0.500940
0.536101
0.410879
0.530021
0.483277
0.418389
0.374308
0.385309
0.472688
0.452268
0.539912
0.550621
0.561774
0.628240
0.401288
0.506722
0.372406
0.465122
0.439181
0.500094
0.485702
0.605445
0.558407
0.443856
0.637115
0.530863
0.487346
0.475195
0.521256
0.535737
